145 345 
152 320 
152.5 335 
153 340 
153 340 
154 335 
154.9 355 
155 342 
155 360 
155.5 365 
156 330 
156.3 370 
156.5 335 
156.5 345 
156.7 360 
157 335 
157 335 
157.5 325 
157.5 340 
158 340 
158 350 
158 355 
158 355 
158.3 370 
158.5 350 
158.5 355 
158.8 350 
159 345 
159.5 360 
160 340 
160 355 
160 355 
160 360 
160 360 
160 365 
160 380 
160.5 365 
161 350 
161 355 
161 380 
161.2 365 
161.4 370 
161.5 350 
161.5 360 
161.5 390 
162 335 
162 360 
162 375 
162.2 330 
162.5 330 
162.5 355 
162.5 375 
163 350 
163 355 
163 360 
163 360 
163 360 
163 360 
163 360 
163.3 380 
163.5 365 
163.5 370 
163.9 360 
164 350 
164 350 
164 360 
164 360 
164 380 
164 385 
164 385 
164 390 
164.2 375 
164.5 375 
164.5 430 
164.6 380 
164.7 390 
165 340 
165 350 
165 355 
165 360 
165 365 
165 370 
165 375 
165 375 
165 380 
165.1 390 
165.5 360 
165.5 370 
165.6 380 
166 355 
166 380 
166.1 385 
166.4 350 
166.5 395 
167 360 
167 365 
167 370 
167 375 
167 390 
167 390 
167.1 360 
167.9 395 
168 370 
168 370 
168 385 
168 385 
168 400 
168.5 370 
168.5 370 
168.5 375 
168.5 385 
169 370 
169 370 
169 375 
169 390 
169.1 405 
169.5 375 
170 360 
170 370 
170 375 
170 380 
170 385 
170 385 
170.5 365 
170.5 380 
170.5 390 
170.5 400 
171 390 
172 385 
172 390 
173 390 
173.5 390 
173.5 400 
174 390 
175 400 
176 390 
176.5 410 
176.8 385 
177 390 
178 395 
179 410 
180 410 
180.5 420 
