160 360 
160 330 
161 350 
162 360 
163 365 
163.5 350 
165 370 
165 350 
165.5 345 
166 370 
166 370 
166.5 380 
167.5 400 
167.5 360 
168 390 
168 370 
168.4 365 
168.5 370 
169 370 
169 367 
169 360 
169.4 355 
169.5 345 
169.7 375 
169.8 360 
169.8 335 
170 385 
170 365 
170 380 
170 375 
170.2 370 
170.5 380 
171 410 
171 375 
171 370 
171 355 
171.3 365 
171.5 380 
171.5 370 
171.5 360 
172 400 
172 405 
172.4 360 
172.5 390 
172.5 390 
172.5 380 
172.5 355 
172.5 360 
173 385 
173 340 
173 360 
173.4 375 
173.5 375 
173.5 365 
173.5 375 
173.7 375 
174 380 
174 385 
174.2 380 
174.5 380 
174.5 385 
174.5 410 
174.5 370 
174.5 390 
174.5 380 
174.5 380 
175 400 
175 390 
175 405 
175 390 
175 350 
175.5 425 
175.5 370 
175.5 380 
175.9 365 
176 385 
176 400 
176 395 
176 390 
176 380 
176 370 
176 365 
176.4 385 
176.5 400 
176.5 390 
176.5 390 
176.5 400 
176.7 390 
176.8 405 
177 400 
177 410 
177 405 
177 405 
177 390 
177 400 
177 385 
177 370 
177.5 420 
177.5 390 
177.5 390 
177.5 355 
177.5 350 
178 420 
178 400 
178 415 
178 395 
178 400 
178 385 
178.5 410 
178.5 360 
178.5 395 
178.5 390 
179 385 
179 410 
179 410 
179 410 
179.5 410 
179.5 400 
179.8 425 
180 400 
180 410 
180 405 
180 390 
180 410 
180 405 
180 405 
180 390 
180 390 
180.5 400 
180.5 400 
180.5 390 
180.5 385 
181 410 
181 380 
181.5 400 
181.5 390 
181.5 380 
182 430 
182 410 
182 400 
182 380 
182 365 
182.2 400 
182.5 410 
182.5 395 
182.5 400 
182.5 390 
182.5 375 
182.5 400 
183 400 
183.5 400 
183.5 410 
184 425 
184 420 
184 405 
184 410 
184 425 
184 410 
184 400 
184.4 400 
184.5 400 
184.5 415 
184.5 415 
185 430 
185 390 
185.5 440 
185.5 395 
186 420 
186 410 
186 410 
186 410 
186 435 
186 380 
186 410 
186.5 410 
186.7 395 
187 405 
188 430 
188 400 
188.4 395 
188.5 440 
188.5 400 
189 425 
189.5 410 
190 410 
191 410 
191 415 
198.6 440 
200 450 
